
==================================================
MODEL: 100
==================================================

SUCCESSFUL LANDINGS:
       terminal_distance                     reward                  \
                    mean       std count       mean       std count   
height                                                                
50              2.247444  0.808944   231  13.011991  4.946887   231   
100             2.391617  0.913756   233  12.813391  5.694228   233   
150             2.606490  0.979051   226  10.146770  6.682509   226   
200             3.417382  1.067784   110   4.996364  5.892322   110   
250             3.342966  1.188806    15   2.234667  4.464815    15   
300             3.812435  0.832851    15   1.123333  4.169321    15   
350             4.263177  0.585152     9  -0.008889  2.524373     9   
400             3.957014  1.196977     4  -1.422500  2.620921     4   

             steps                   success                  wind            \
              mean         std count    mean  std count       mean       std   
height                                                                         
50      128.471861  221.417956   231     1.0  0.0   231  11.408765  3.917520   
100     197.575107  251.854423   233     1.0  0.0   233  11.920954  4.173964   
150     389.876106  448.001144   226     1.0  0.0   226  11.266402  4.061930   
200     617.863636  468.372088   110     1.0  0.0   110   9.082406  3.805243   
250     495.066667  460.115275    15     1.0  0.0    15   4.893682  2.270080   
300     556.600000  356.192524    15     1.0  0.0    15   4.743327  2.116958   
350     495.222222  240.487930     9     1.0  0.0     9   3.322412  1.144154   
400     704.250000  449.718708     4     1.0  0.0     4   3.571445  1.433937   

              
       count  
height        
50       231  
100      233  
150      226  
200      110  
250       15  
300       15  
350        9  
400        4  

FAILED LANDINGS:
       terminal_distance                        reward                  \
                    mean          std count       mean       std count   
height                                                                   
50           1687.224342  1889.252258    19 -10.238421  8.365843    19   
100          1846.087028  1876.615082    17 -11.658824  8.216831    17   
150           923.957229  1302.586422    24  -8.675417  5.529064    24   
200           117.324924   485.879070   140  -8.287571  4.996595   140   
250           166.887116   932.431625   235  -8.893191  5.795466   235   
300           199.282285   964.112324   235  -9.727745  6.354653   235   
350           200.621172   651.635803   241  -9.726224  4.823024   241   
400           180.886437   633.701346   246  -9.772520  4.556355   246   

             steps                   success                  wind            \
              mean         std count    mean  std count       mean       std   
height                                                                         
50      524.157895  467.587219    19     0.0  0.0    19  10.671347  3.095355   
100     624.352941  484.676947    17     0.0  0.0    17  10.125008  4.132824   
150     486.208333  332.257231    24     0.0  0.0    24  12.613242  4.844002   
200     590.007143  483.579006   140     0.0  0.0   140  13.924534  3.120935   
250     635.855319  487.345369   235     0.0  0.0   235  12.303656  3.806386   
300     701.855319  548.262091   235     0.0  0.0   235  11.976580  3.827185   
350     691.385892  448.072386   241     0.0  0.0   241  11.460871  3.858920   
400     686.406504  416.902667   246     0.0  0.0   246  11.695614  4.148055   

              
       count  
height        
50        19  
100       17  
150       24  
200      140  
250      235  
300      235  
350      241  
400      246  

OVERALL STATISTICS:
       terminal_distance                      reward                    steps  \
                    mean         std count      mean       std count     mean   
height                                                                          
50            130.305688  676.902796   250  11.24496  8.110362   250  158.544   
100           127.762905  665.272440   250  11.14928  8.523882   250  226.596   
150            91.056161  480.304848   250   8.33984  8.604904   250  399.124   
200            67.205605  367.419566   250  -2.44264  8.531728   250  602.264   
250           157.074467  904.747567   250  -8.22552  6.300550   250  627.408   
300           187.554094  935.778548   250  -9.07668  6.752325   250  693.140   
350           193.552284  640.799988   250  -9.37640  5.090742   250  684.324   
400           178.055566  628.984261   250  -9.63892  4.648845   250  686.692   

                         success                       wind                  
               std count    mean       std count       mean       std count  
height                                                                       
50      268.568554   250   0.924  0.265530   250  11.352721  3.860942   250  
100     292.889731   250   0.932  0.252251   250  11.798829  4.187516   250  
150     438.595097   250   0.904  0.295182   250  11.395699  4.151437   250  
200     476.197946   250   0.440  0.497383   250  11.793998  4.192403   250  
250     486.028312   250   0.060  0.237963   250  11.859058  4.124893   250  
300     539.269512   250   0.060  0.237963   250  11.542585  4.120637   250  
350     443.521219   250   0.036  0.186664   250  11.167886  4.086921   250  
400     416.482272   250   0.016  0.125727   250  11.565627  4.242409   250  

==================================================
MODEL: 150
==================================================

SUCCESSFUL LANDINGS:
       terminal_distance                     reward                  \
                    mean       std count       mean       std count   
height                                                                
50              2.679555  1.074856   177  11.959661  6.907281   177   
100             2.228509  0.785312   229  13.310655  5.078715   229   
150             2.286105  0.829087   236  13.025890  4.283959   236   
200             2.771808  0.895367   207  12.412657  4.702974   207   
250             3.678874  0.873266    69   3.205942  7.968806    69   
300             3.491098  0.919716     8   3.110000  4.221489     8   
350             3.258842  0.856432    10  -0.267000  5.770827    10   
400             3.162961  1.229908     3   2.676667  2.663388     3   

             steps                   success                  wind            \
              mean         std count    mean  std count       mean       std   
height                                                                         
50      299.225989  471.307182   177     1.0  0.0   177  12.496406  3.871510   
100     170.458515  210.133676   229     1.0  0.0   229  11.983492  4.046290   
150     151.355932  169.992191   236     1.0  0.0   236  11.441034  3.742990   
200     207.966184  283.922172   207     1.0  0.0   207  11.753768  3.639153   
250     769.753623  781.601569    69     1.0  0.0    69   8.947127  2.925350   
300     579.500000  346.070183     8     1.0  0.0     8   6.637433  1.349988   
350     775.000000  400.869333    10     1.0  0.0    10   4.856015  2.521319   
400     541.333333   82.038609     3     1.0  0.0     3   5.239960  0.680573   

              
       count  
height        
50       177  
100      229  
150      236  
200      207  
250       69  
300        8  
350       10  
400        3  

FAILED LANDINGS:
       terminal_distance                       reward                  \
                    mean         std count       mean       std count   
height                                                                  
50             53.611027  364.800107    73  -6.914932  5.251753    73   
100            15.867404   18.807221    21  -6.778095  5.544392    21   
150            13.861166   14.909616    14  -7.995000  4.412810    14   
200           132.819260  690.438602    43  -7.006512  4.982226    43   
250            11.910890   13.833099   181  -8.993591  4.979201   181   
300            17.149642   21.425421   242  -8.999339  4.756111   242   
350            57.498469  370.998997   240  -9.662042  4.776599   240   
400           378.975888  878.104210   247 -10.496559  5.564891   247   

             steps                   success                  wind            \
              mean         std count    mean  std count       mean       std   
height                                                                         
50      524.287671  507.380678    73     0.0  0.0    73   9.445370  4.619982   
100     517.428571  552.657812    21     0.0  0.0    21   6.964245  5.622618   
150     641.857143  440.857357    14     0.0  0.0    14   3.844841  3.433391   
200     467.767442  418.469481    43     0.0  0.0    43  12.034645  7.012637   
250     676.767956  498.362130   181     0.0  0.0   181  12.327408  4.202335   
300     669.202479  476.936251   242     0.0  0.0   242  11.199901  4.279437   
350     712.550000  460.746317   240     0.0  0.0   240  11.685640  3.977399   
400     716.744939  470.851404   247     0.0  0.0   247  12.207039  4.201900   

              
       count  
height        
50        73  
100       21  
150       14  
200       43  
250      181  
300      242  
350      240  
400      247  

OVERALL STATISTICS:
       terminal_distance                      reward                   \
                    mean         std count      mean        std count   
height                                                                  
50             17.551545  197.534694   250   6.44828  10.753783   250   
100             3.374177    6.583755   250  11.62320   7.567243   250   
150             2.934309    4.400666   250  11.84872   6.464546   250   
200            25.139970  287.796933   250   9.07256   8.741091   250   
250             9.638854   12.334204   250  -5.62652   8.069888   250   
300            16.712569   21.216170   250  -8.61184   5.191845   250   
350            55.328884  363.628911   250  -9.28624   5.148432   250   
400           374.466133  873.760988   250 -10.33848   5.719926   250   

          steps                   success                       wind  \
           mean         std count    mean       std count       mean   
height                                                                 
50      364.944  491.895070   250   0.708  0.455594   250  11.605503   
100     199.604  272.516208   250   0.916  0.277944   250  11.561876   
150     178.824  224.029816   250   0.944  0.230383   250  11.015648   
200     252.652  325.391854   250   0.828  0.378137   250  11.802079   
250     702.432  590.006709   250   0.276  0.447914   250  11.394450   
300     666.332  473.050841   250   0.032  0.176353   250  11.053902   
350     715.048  457.952223   250   0.040  0.196352   250  11.412455   
400     714.640  468.455197   250   0.012  0.109104   250  12.123434   

                        
             std count  
height                  
50      4.324161   250  
100     4.413291   250  
150     4.111001   250  
200     4.388921   250  
250     4.170784   250  
300     4.292297   250  
350     4.148791   250  
400     4.245558   250  

==================================================
MODEL: 200
==================================================

SUCCESSFUL LANDINGS:
       terminal_distance                     reward                  \
                    mean       std count       mean       std count   
height                                                                
50              2.940952  1.054120    87  11.852989  5.778015    87   
100             2.548402  0.980795   184  12.641087  5.511767   184   
150             2.343555  0.780291   214  13.568411  4.644760   214   
200             2.538748  0.877885   214  13.864626  4.521645   214   
250             2.944178  1.046863   193  11.866114  5.535424   193   
300             3.418050  1.059966    44   4.921364  6.738193    44   
350             3.392023  1.149547    13   5.098462  5.987182    13   
400             3.507174  0.851223     8   1.958750  3.847090     8   

             steps                   success                  wind            \
              mean         std count    mean  std count       mean       std   
height                                                                         
50      281.862069  372.828228    87     1.0  0.0    87  12.477656  3.010998   
100     220.478261  336.426868   184     1.0  0.0   184  12.134659  3.625780   
150     174.887850  209.245855   214     1.0  0.0   214  12.275816  3.725024   
200     172.523364  184.341301   214     1.0  0.0   214  12.618768  3.600837   
250     248.000000  253.639775   193     1.0  0.0   193  11.655221  3.582737   
300     744.204545  598.619597    44     1.0  0.0    44  10.022042  3.187234   
350     836.153846  585.896016    13     1.0  0.0    13  10.967611  3.336311   
400     740.750000  370.927698     8     1.0  0.0     8   6.864630  2.520344   

              
       count  
height        
50        87  
100      184  
150      214  
200      214  
250      193  
300       44  
350       13  
400        8  

FAILED LANDINGS:
       terminal_distance                      reward                  \
                    mean         std count      mean       std count   
height                                                                 
50              9.628173    3.717252   163 -6.766380  4.270664   163   
100            10.062255    4.061207    66 -7.931212  5.479145    66   
150            11.740168    4.615420    36 -7.338889  4.257491    36   
200             9.694214    5.451590    36 -7.629722  5.414752    36   
250             9.337860    6.582381    57 -6.978246  4.703485    57   
300            12.635887    6.659623   206 -9.676019  5.371465   206   
350            19.087135    9.275534   237 -9.626414  4.787093   237   
400            83.353886  412.926889   242 -9.995455  5.167005   242   

             steps                   success                  wind            \
              mean         std count    mean  std count       mean       std   
height                                                                         
50      511.214724  426.762471   163     0.0  0.0   163  10.917057  4.480825   
100     632.106061  548.575165    66     0.0  0.0    66   7.347867  4.061338   
150     567.972222  427.807866    36     0.0  0.0    36   5.687605  3.514625   
200     582.250000  549.676080    36     0.0  0.0    36   6.246231  5.275491   
250     480.543860  477.247206    57     0.0  0.0    57  11.326710  5.967589   
300     734.436893  539.657437   206     0.0  0.0   206  11.892169  4.607038   
350     717.033755  480.108708   237     0.0  0.0   237  11.607000  4.224696   
400     727.851240  498.137247   242     0.0  0.0   242  11.767086  3.905737   

              
       count  
height        
50       163  
100       66  
150       36  
200       36  
250       57  
300      206  
350      237  
400      242  

OVERALL STATISTICS:
       terminal_distance                      reward                   \
                    mean         std count      mean        std count   
height                                                                  
50              7.301020    4.422790   250  -0.28684  10.117964   250   
100             4.532059    4.003318   250   7.21000  10.617319   250   
150             3.696667    3.800338   250  10.55776   8.665997   250   
200             3.569135    3.342647   250  10.76944   8.876266   250   
250             4.401937    4.220631   250   7.56960   9.558147   250   
300            11.013547    7.005677   250  -7.10688   7.913358   250   
350            18.270989    9.685018   250  -8.86072   5.846259   250   
400            80.798791  406.483368   250  -9.61292   5.540811   250   

          steps                   success                       wind  \
           mean         std count    mean       std count       mean   
height                                                                 
50      431.400  422.472898   250   0.348  0.477292   250  11.460145   
100     329.148  441.355367   250   0.736  0.441684   250  10.870946   
150     231.492  286.883157   250   0.856  0.351794   250  11.327114   
200     231.524  303.833620   250   0.856  0.351794   250  11.701123   
250     301.020  332.245524   250   0.772  0.420384   250  11.580321   
300     736.156  549.240048   250   0.176  0.381584   250  11.563027   
350     723.228  485.505549   250   0.052  0.222472   250  11.573752   
400     728.264  494.005482   250   0.032  0.176353   250  11.610207   

                        
             std count  
height                  
50      4.092523   250  
100     4.293897   250  
150     4.356337   250  
200     4.475393   250  
250     4.233895   250  
300     4.442719   250  
350     4.180059   250  
400     3.961151   250  

==================================================
MODEL: 250
==================================================

SUCCESSFUL LANDINGS:
       terminal_distance                     reward                  \
                    mean       std count       mean       std count   
height                                                                
50              3.208680  1.206758    11  15.231818  3.776726    11   
100             3.089134  1.111483    70  11.664286  6.258447    70   
150             2.566626  1.072237   146  12.401644  5.360795   146   
200             2.633913  0.926672   212  13.471934  4.410784   212   
250             2.707741  1.012352   201  12.743234  4.605501   201   
300             2.991012  1.069512   163  10.721227  4.315763   163   
350             3.738486  0.725216    17   3.625882  6.140979    17   
400             3.150657  1.259187    11   5.086364  5.742186    11   

             steps                   success                  wind            \
              mean         std count    mean  std count       mean       std   
height                                                                         
50      188.181818  189.836676    11     1.0  0.0    11  15.187392  2.813011   
100     305.214286  447.045531    70     1.0  0.0    70  12.545926  3.358767   
150     221.089041  295.088459   146     1.0  0.0   146  11.794225  3.616866   
200     184.382075  138.585509   212     1.0  0.0   212  12.440041  3.717881   
250     215.079602  173.464531   201     1.0  0.0   201  11.966871  3.905284   
300     269.319018  219.291612   163     1.0  0.0   163  10.645401  3.511806   
350     701.352941  591.668609    17     1.0  0.0    17   8.492627  2.962694   
400     801.636364  480.449430    11     1.0  0.0    11  10.242343  2.621319   

              
       count  
height        
50        11  
100       70  
150      146  
200      212  
250      201  
300      163  
350       17  
400       11  

FAILED LANDINGS:
       terminal_distance                     reward                  \
                    mean        std count      mean       std count   
height                                                                
50             28.853371  23.997710   239 -6.119498  3.815164   239   
100            21.100304  14.983753   180 -6.453778  4.382479   180   
150            20.246972  12.386089   104 -7.421058  5.388264   104   
200            16.697306   9.009748    38 -6.805526  3.513657    38   
250            13.870182  10.353282    49 -6.909184  4.715243    49   
300             9.571511   7.723140    87 -6.812529  3.695303    87   
350            15.125916  11.330879   233 -8.423562  4.679485   233   
400            34.962652  26.992003   239 -9.235272  4.541610   239   

             steps                   success                  wind            \
              mean         std count    mean  std count       mean       std   
height                                                                         
50      441.196653  383.462551   239     0.0  0.0   239  11.230927  4.532524   
100     466.566667  443.451232   180     0.0  0.0   180  10.627012  4.565380   
150     555.865385  539.850502   104     0.0  0.0   104   9.595647  4.393579   
200     497.289474  356.284574    38     0.0  0.0    38   6.507708  4.278195   
250     479.979592  484.913029    49     0.0  0.0    49   9.783325  6.481995   
300     440.252874  372.605353    87     0.0  0.0    87  13.671661  4.843131   
350     597.600858  468.995726   233     0.0  0.0   233  11.590764  4.349565   
400     661.878661  453.109070   239     0.0  0.0   239  11.694217  4.294940   

              
       count  
height        
50       239  
100      180  
150      104  
200       38  
250       49  
300       87  
350      233  
400      239  

OVERALL STATISTICS:
       terminal_distance                     reward                     steps  \
                    mean        std count      mean        std count     mean   
height                                                                          
50             27.725005  24.047498   250  -5.18004   5.808476   250  430.064   
100            16.057176  15.079830   250  -1.38072   9.544867   250  421.388   
150             9.921650  11.848139   250   4.15540  11.162013   250  360.356   
200             4.771549   6.195580   250  10.38976   8.457671   250  231.944   
250             4.895579   6.418741   250   8.89136   9.079029   250  267.000   
300             5.281026   5.586578   250   4.61948   9.320388   250  328.804   
350            14.351570  11.309656   250  -7.60420   5.662531   250  604.656   
400            33.562924  27.187975   250  -8.60512   5.449916   250  668.028   

                         success                       wind                  
               std count    mean       std count       mean       std count  
height                                                                       
50      380.392616   250   0.044  0.205507   250  11.405012  4.540386   250  
100     449.461719   250   0.280  0.449900   250  11.164308  4.342208   250  
150     445.645443   250   0.584  0.493882   250  10.879617  4.096573   250  
200     218.651133   250   0.848  0.359741   250  11.538326  4.357439   250  
250     283.900231   250   0.804  0.397765   250  11.538896  4.593895   250  
300     293.076462   250   0.652  0.477292   250  11.698539  4.267469   250  
350     477.618433   250   0.068  0.252251   250  11.380091  4.336110   250  
400     454.239206   250   0.044  0.205507   250  11.630335  4.242239   250  

==================================================
MODEL: 300
==================================================

SUCCESSFUL LANDINGS:
       terminal_distance                     reward                  \
                    mean       std count       mean       std count   
height                                                                
50              3.155816  1.253615    12  10.215000  6.319722    12   
100             3.333620  1.189009    19   8.364211  7.767135    19   
150             3.354859  0.886272    41   9.647561  6.261065    41   
200             3.256231  1.222488    86   9.712442  5.671027    86   
250             2.850166  0.970853   190  11.230211  5.637221   190   
300             2.634118  0.941521   226  12.053451  5.272826   226   
350             2.911844  1.097364   196  10.771122  5.338672   196   
400             3.652695  0.896169    42   4.907143  6.646188    42   

             steps                   success                  wind            \
              mean         std count    mean  std count       mean       std   
height                                                                         
50      327.750000  289.570882    12     1.0  0.0    12  11.513462  4.026916   
100     412.736842  468.590776    19     1.0  0.0    19  10.564972  5.115562   
150     488.317073  455.374156    41     1.0  0.0    41  12.500800  3.839726   
200     523.267442  459.083420    86     1.0  0.0    86  12.691777  3.444882   
250     314.284211  276.680423   190     1.0  0.0   190  11.587829  4.107711   
300     289.544248  277.799017   226     1.0  0.0   226  11.823272  4.122764   
350     323.219388  317.965532   196     1.0  0.0   196  11.030220  3.778465   
400     753.523810  503.513084    42     1.0  0.0    42  10.083707  3.575363   

              
       count  
height        
50        12  
100       19  
150       41  
200       86  
250      190  
300      226  
350      196  
400       42  

FAILED LANDINGS:
       terminal_distance                      reward                  \
                    mean         std count      mean       std count   
height                                                                 
50            231.386256  912.059595   238 -6.695210  5.654405   238   
100            18.514011   53.959867   231 -6.828095  4.443919   231   
150            12.819373    6.592073   209 -7.334067  4.584932   209   
200            13.091999    9.845435   164 -8.349207  5.007665   164   
250             8.338214    5.143756    60 -8.336833  5.172732    60   
300            11.050008    6.246444    24 -7.691667  4.739084    24   
350            12.216291    9.842070    54 -8.707778  4.609071    54   
400            16.708728   15.909227   208 -9.027788  4.378804   208   

             steps                   success                  wind            \
              mean         std count    mean  std count       mean       std   
height                                                                         
50      457.508403  461.554608   238     0.0  0.0   238  11.389726  4.378729   
100     499.549784  446.474690   231     0.0  0.0   231  11.667721  4.391104   
150     541.306220  458.544449   209     0.0  0.0   209  11.139751  4.134655   
200     634.646341  499.927452   164     0.0  0.0   164  10.203395  4.906623   
250     617.083333  514.227124    60     0.0  0.0    60  11.220270  4.444737   
300     549.750000  470.783182    24     0.0  0.0    24   9.067807  5.264629   
350     621.462963  459.146859    54     0.0  0.0    54  12.687190  6.663231   
400     645.427885  438.755591   208     0.0  0.0   208  11.550888  4.379724   

              
       count  
height        
50       238  
100      231  
150      209  
200      164  
250       60  
300       24  
350       54  
400      208  

OVERALL STATISTICS:
       terminal_distance                      reward                   \
                    mean         std count      mean        std count   
height                                                                  
50            220.431194  891.152799   250  -5.88352   6.731666   250   
100            17.360301   52.017706   250  -5.67348   6.235048   250   
150            11.267192    6.982620   250  -4.54908   7.972063   250   
200             9.708495    9.267306   250  -2.13600  10.065120   250   
250             4.167298    3.535585   250   6.53412  10.028794   250   
300             3.442044    3.252145   250  10.15792   7.820983   250   
350             4.921605    6.023341   250   6.56368   9.557925   250   
400            14.515314   15.312266   250  -6.68672   7.103807   250   

          steps                   success                       wind  \
           mean         std count    mean       std count       mean   
height                                                                 
50      451.280  455.239257   250   0.048  0.214195   250  11.395666   
100     492.952  447.809579   250   0.076  0.265530   250  11.583912   
150     532.616  457.536503   250   0.164  0.371018   250  11.362963   
200     596.332  488.224492   250   0.344  0.475994   250  11.059398   
250     386.956  370.880979   250   0.760  0.427940   250  11.499615   
300     314.524  310.009615   250   0.904  0.295182   250  11.558747   
350     387.640  373.058022   250   0.784  0.412340   250  11.388125   
400     663.588  451.021565   250   0.168  0.374616   250  11.304402   

                        
             std count  
height                  
50      4.355035   250  
100     4.448367   250  
150     4.111436   250  
200     4.605854   250  
250     4.184883   250  
300     4.310522   250  
350     4.593229   250  
400     4.284090   250  

==================================================
MODEL: 350
==================================================

SUCCESSFUL LANDINGS:
       terminal_distance                     reward                  \
                    mean       std count       mean       std count   
height                                                                
50              2.756829  1.876344     2  16.030000  2.771859     2   
100             3.062452  1.215077    11  11.057273  8.484459    11   
150             3.639858  0.959127    13   4.744615  9.144236    13   
200             3.037299  1.119274    24  10.009583  5.557528    24   
250             3.299396  1.057527    81  10.552099  6.830595    81   
300             2.792208  1.006723   178  11.936798  6.038428   178   
350             2.791469  1.047077   219  11.428356  5.601960   219   
400             3.111518  0.984678   184  10.270761  4.889155   184   

             steps                   success                  wind            \
              mean         std count    mean  std count       mean       std   
height                                                                         
50       65.000000    1.414214     2     1.0  0.0     2  14.298948  0.891453   
100     209.909091  183.607437    11     1.0  0.0    11  10.958147  6.706550   
150     444.538462  495.045388    13     1.0  0.0    13   7.444880  5.308732   
200     244.666667  176.860954    24     1.0  0.0    24   9.984742  4.879772   
250     380.790123  446.597518    81     1.0  0.0    81  12.024624  4.417770   
300     289.404494  261.699799   178     1.0  0.0   178  11.863021  4.358820   
350     301.374429  312.741425   219     1.0  0.0   219  11.348093  4.481087   
400     343.983696  299.326174   184     1.0  0.0   184  10.812266  3.820912   

              
       count  
height        
50         2  
100       11  
150       13  
200       24  
250       81  
300      178  
350      219  
400      184  

FAILED LANDINGS:
       terminal_distance                      reward                  \
                    mean         std count      mean       std count   
height                                                                 
50             67.209252  345.341887   248 -5.385363  4.491942   248   
100            28.405775   17.101254   239 -6.346904  4.909971   239   
150            27.055587   15.837153   237 -6.195738  4.179948   237   
200            21.266619   12.421901   226 -7.019425  4.676384   226   
250            14.910654    7.329037   169 -7.940296  5.346439   169   
300            10.804254    6.364710    72 -8.947500  4.964891    72   
350            10.950100   10.080802    31 -8.536129  4.554713    31   
400            10.325871    8.999146    66 -8.357879  3.854989    66   

             steps                   success                  wind            \
              mean         std count    mean  std count       mean       std   
height                                                                         
50      358.653226  426.776403   248     0.0  0.0   248  11.532089  4.165950   
100     451.652720  493.272821   239     0.0  0.0   239  11.203852  4.157298   
150     422.679325  416.363798   237     0.0  0.0   237  11.546270  3.976391   
200     494.150442  470.630418   226     0.0  0.0   226  11.457187  4.147369   
250     574.733728  535.868504   169     0.0  0.0   169  11.506919  4.100576   
300     667.861111  494.631327    72     0.0  0.0    72  10.660558  4.124403   
350     606.225806  457.451397    31     0.0  0.0    31  12.312295  6.049576   
400     574.090909  389.441404    66     0.0  0.0    66  12.730307  4.674428   

              
       count  
height        
50       248  
100      239  
150      237  
200      226  
250      169  
300       72  
350       31  
400       66  

OVERALL STATISTICS:
       terminal_distance                     reward                     steps  \
                    mean         std count     mean        std count     mean   
height                                                                          
50             66.693633  344.000309   250 -5.21404   4.868320   250  356.304   
100            27.290669   17.513369   250 -5.58112   6.223054   250  441.016   
150            25.837969   16.275821   250 -5.62684   5.149127   250  423.816   
200            19.516604   12.980815   250 -5.38464   6.919610   250  470.200   
250            11.148606    8.139307   250 -1.94876  10.463089   250  511.896   
300             5.099677    5.048499   250  5.92212  11.078949   250  398.400   
350             3.803139    4.523601   250  8.95276   8.569931   250  339.176   
400             5.016107    5.657445   250  5.35280   9.441749   250  404.732   

                         success                       wind                  
               std count    mean       std count       mean       std count  
height                                                                       
50      425.866454   250   0.008  0.089263   250  11.554224  4.156913   250  
100     486.200638   250   0.044  0.205507   250  11.193041  4.281180   250  
150     419.692982   250   0.052  0.222472   250  11.332998  4.144507   250  
200     456.570787   250   0.096  0.295182   250  11.315832  4.234525   250  
250     515.843736   250   0.324  0.468939   250  11.674655  4.204074   250  
300     384.621777   250   0.712  0.453739   250  11.516712  4.318988   250  
350     347.819070   250   0.876  0.330243   250  11.467654  4.700097   250  
400     340.247743   250   0.736  0.441684   250  11.318629  4.141405   250  
